Send Login:
ab cd 00 80 00 00 01 10
61 64 6d 69 6e 00 00 00 00 00 00 00 00 00 00 00 00 00 00 00 00 00 00 00 00 00 00 00 00 00 00 00 00 00 00 00 00 00 00 00 00 00 00 00 00 00 00 00 00 00 00 00 00 00 00 00 00 00 00 00 00 00 00 00
31 32 33 34 35 00 00 00 00 00 00 00 00 00 00 00 00 00 00 00 00 00 00 00 00 00 00 00 00 00 00 00 00 00 00 00 00 00 00 00 00 00 00 00 00 00 00 00 00 00 00 00 00 00 00 00 00 00 00 00 00 00 00 00

Risposta:
ab cd 00 00 00 00 01 12

Send:
ab cd 00 00 00 00 01 13

Risposta:
ab cd 00 80 00 00 01 11
61 64 6d 69 6e 00 00 00 00 00 00 00 00 00 00 00 00 00 00 00 00 00 00 00 00 00 00 00 00 00 00 00 00 00 00 00 00 00 00 00 00 00 00 00 00 00 00 00 00 00 00 00 00 00 00 00 00 00 00 00 00 00 00 00
31 32 33 34 35 00 00 00 00 00 00 00 00 00 00 00 00 00 00 00 00 00 00 00 00 00 00 00 00 00 00 00 00 00 00 00 00 00 00 00 00 00 00 00 00 00 00 00 00 00 00 00 00 00 00 00 00 00 00 00 00 00 00 00

Send:
ab cd 00 00 00 00 a0 34

Risposta:
ab cd 00 70 00 00 a0 35
01 00 00 00 00 00 00 00 00 00 00 00 01 00 00 00 01 00 00 00 04 00 00 00 00 00 00 00 00 00 00 00 00 00 00 00 03 00 00 00 00 00 00 00 00 00 00 00 00 00 00 00 01 00 00 00 01 00 00 00 00 00 00 00 00 00 00 00 08 00 00 00 00 00 00 00 00 00 00 00 76 31 2e 30 20 72 63 35 00 00 00 00 00 00 00 00 00 00 00 00 00 00 00 00 00 00 00 00 00 00 00 00

Send:
ab cd 00 08 00 00 01 ff
00 00 00 00 00 00 00 00

Risposta:
None

Send Ping:
ab cd 00 00 00 00 01 12

Risposta:
ab cd 00 00 00 00 01 13
